% Neuron match/comparison 
% for cells recorded during linear and angular speed protocols
% 
% compareInfo.labels contains: 
% monk_id = monkey number
% session_id = session number
% ch_id = channel 
% unitNum_linear & unitNum_angular = the unit number that is matched
% between the two protocols (i.e. the same unit in both)

compareInfo.labels = {'monk_id','session_id', 'ch_id', 'unitNum_linear', 'unitNum_angular'}
compareInfo.data = [

41 49 2 2 2
41 50 6 2 2
41 50 12 2 2
41 50 13 2 2
41 51 10 2 3
41 51 11 2 2
41 51 14 2 2
41 51 15 2 2
41 54 1 2 2
41 54 2 2 2
41 54 3 2 2
41 54 4 2 2
41 54 5 2 2
41 54 5 3 3
41 54 7 2 2
%41 54 10 3 3
41 54 13 3 2
41 54 15 2 2
41 54 16 2 2
41 56 9 2 2
41 57 9 2 2
41 58 4 2 2
41 59 4 2 2
41 59 10 2 2
41 60 10 2 2
41 61 11 2 2
41 61 16 2 2
41 62 3 2 2
41 62 6 2 2
41 63 5 2 2
41 63 10 2 2
41 64 2 2 2
41 64 7 2 2
44 1 5 2 2
44 1 6 2 2
44 1 6 3 3
44 1 7 2 2
44 1 8 2 2
44 1 10 2 2
44 1 11 2 2
44 1 12 2 2
44 1 14 2 2
44 1 15 2 2
44 2 2 2 2
44 2 3 2 3
44 2 6 3 2
44 3 2 2 2
44 3 9 2 2
44 3 9 3 3
44 3 11 3 2
44 3 11 2 3
44 3 13 2 2
44 3 13 3 3
44 5 1 2 2
44 5 2 2 2
44 5 3 2 2
44 5 3 3 3
44 5 3 4 4
44 5 4 2 2
44 5 5 2 2
44 5 6 2 2
44 5 7 2 2
44 5 8 2 2
44 5 9 2 2
44 5 12 2 2
44 6 2 2 2
44 6 7 2 2
44 6 16 3 2
44 7 4 2 2
44 7 5 2 2
44 7 6 2 2
44 7 8 2 2
44 7 12 2 2
44 8 10 2 2
44 8 12 2 2
44 8 16 2 2
44 9 2 2 2
44 9 3 2 2
44 9 8 2 2
44 9 14 2 2
44 9 14 3 3
44 9 15 2 2
44 9 16 2 2
44 10 4 2 2
44 10 8 2 2
44 10 8 3 3
44 10 9 2 2
44 10 9 3 3
44 11 10 2 2
44 11 11 2 2
44 11 12 2 2
44 11 13 2 2
44 11 14 2 3
44 11 14 3 2
44 11 16 2 2
44 11 16 3 3
44 13 4 2 2
44 13 6 2 2
44 13 8 2 2
44 13 10 2 2
44 13 11 2 2
44 13 12 2 2
44 14 3 2 2
44 14 4 2 2
44 14 5 2 2
44 14 7 2 2
44 14 8 2 2
44 14 11 2 2
44 14 13 2 2
44 16 1 2 2
44 16 6 2 2
44 16 6 3 3
44 16 9 2 2
44 16 11 2 2
44 16 14 2 2
44 17 1 2 2
44 17 4 2 2
44 17 6 2 2
44 17 7 2 2
44 17 8 2 2
44 17 9 2 2
44 17 11 2 2
44 17 12 2 2
44 17 13 2 2
44 17 16 2 2
44 18 4 2 3
44 18 4 3 2
44 18 6 2 2
44 18 9 2 2
44 18 10 2 2
44 18 15 2 2
44 19 2 2 2
44 19 4 2 2
44 19 5 2 2
44 19 5 3 3
44 19 6 2 2
44 19 7 2 2
44 19 8 2 2
44 19 10 2 2
44 19 11 2 2
44 19 12 2 2
44 19 14 2 2
44 19 14 3 3
44 20 8 2 2
44 20 9 2 2
44 20 10 2 2
44 20 12 2 2
44 20 13 2 2
44 21 4 2 2
44 21 9 2 2
44 21 10 2 2
44 21 11 2 2
45 24 1 2 2
45 24 2 2 2
45 24 3 2 2
45 24 5 2 2
45 24 8 2 2
45 26 1 2 2
45 26 2 2 2
45 26 3 2 2
45 26 4 2 2
45 26 5 2 2
45 26 7 3 2
45 26 9 2 2
45 26 10 2 2
45 26 15 2 2
45 26 16 2 2
45 28 1 2 2
45 28 10 2 2
45 28 13 2 2

]; 