angles = [30 28 14 34 35 35 25 25 25 30 30 30 35 30 33 38 32 32 32 32 38 38 36 38 38 35 35 25 25 30 30 34 34 34 30 29 35 35 30 27 26 31 35 30 29 30 30 30 30 29 33 33 30];
